111111111111011111111111111111
111111111111011111111111111111
111111111111011111111111111111
111111111111011111111111111111
111111111111011111111111111111
111111111111011111111111111111
111111111111011111111111111111
111111111111011111111111111111
111111111111011111111111111111
111111111111011111111111111111
111111111111011111111111111111
111101111111011111101111000000
111101111111011111101111111111
111101111111011111101111111111
111101111111111111101111111111
111101111111111111101111111111
111101111111011111101111111111
111101111111011111101111111111
111101111111011111101111000000
111111111111011111111111111111
111111111111011111111111111111
111111111111011111111111111111
111111111111011111111111111111
111111111111011111111111111111
111111111111011111111111111111
111111111111011111111111111111
111111111111011111111111111111
111111111111011111111111111111
111111111111011111111111111111
111111111111011111111111111111
